turnover = 1000000000; % Turnovers
