"turnover" <-
1000000000
